Run semi-empirical minimization
 &qmmm
    qm_theory='AM1', grms_tol=0.0005,
 scfconv=1.d-10, ndiis_attempts=700,   qmcharge=0,
 /
   6    C1       -2.6740       -1.3140        1.6300 
   6    C2       -1.4720       -1.8670        0.9490 
   6    C3       -1.9050       -2.4310       -0.3790 
   6    C4       -0.8650       -2.9320        1.8310 
   7    N1       -0.4570       -0.7910        0.7150 
   6    C5       -0.7490        0.5280        1.1950 
   6    C6       -1.3820        1.4260        0.1990 
   6    C7       -2.0330        2.5690        0.6080 
   6    C8       -2.6330        3.4420       -0.2570 
   6    C9       -2.6040        3.1990       -1.6030 
   6   C10       -1.9640        2.0690       -2.0570 
   6   C11       -1.3550        1.1860       -1.1550 
   6   C12        0.6970       -1.2120        0.0730 
   8    O1        0.6870       -2.5130       -0.1880 
   6   C13        1.8860       -0.5100       -0.3550 
   6   C14        2.1340        0.8290       -0.2900 
   6   C15        3.3280        1.4420       -0.7060 
   6   C16        4.3180        0.6430       -1.2140 
   7    N2        5.5220        1.2760       -1.6310 
   6   C17        4.1320       -0.7160       -1.3070 
   6   C18        2.9460       -1.2680       -0.8860 
   1    H1       -3.1270       -0.4320        1.1340 
   1    H2       -3.4730       -2.1110        1.5250 
   1    H3       -2.5730       -1.2050        2.7350 
   1    H4       -1.8680       -3.5540       -0.3840 
   1    H5       -1.3330       -2.0080       -1.2110 
   1    H6       -2.9840       -2.1960       -0.6000 
   1    H7        0.0120       -2.4660        2.3510 
   1    H8       -1.5890       -3.1650        2.6350 
   1    H9       -0.5600       -3.8380        1.2660 
   1   H10       -1.5300        0.4000        2.0650 
   1   H11        0.0600        1.0210        1.7670 
   1   H12       -2.0750        2.7910        1.6650 
   1   H13       -3.1290        4.3190        0.1040 
   1   H14       -3.0860        3.8980       -2.3100 
   1   H15       -1.9270        1.8570       -3.0990 
   1   H16       -0.8480        0.2990       -1.5080 
   1   H17        1.3750        1.4640        0.0860 
   1   H18        3.4530        2.5140       -0.6240 
   1   H19        5.5310        1.8070       -2.5100 
   1   H20        6.3950        1.2160       -1.0690 
   1   H21        4.9240       -1.3170       -1.7090 
   1   H22        2.7950       -2.3480       -0.9580 

