Run semi-empirical minimization
 &qmmm
    qm_theory='AM1', grms_tol=0.0005,
  scfconv=1.d-10,   qmcharge=0,
 /
   6     C        2.6930       -3.2880        2.1620 
   6    C1        1.9010       -3.2450        0.8540 
   6    C2        0.5700       -4.0130        0.9560 
   6    C3        0.8300       -5.5320        0.9490 
   6    C4        1.6710       -5.9420       -0.2660 
   6    C5        2.9730       -5.0920       -0.3060 
   8     O        2.6950       -3.6850       -0.2690 
   8    O1        3.9090       -5.3880       -1.3560 
   6    C6        3.4350       -5.6150       -2.6970 
   6    C7        4.5800       -6.2520       -3.5120 
   8    O2        5.6640       -5.3490       -3.7700 
   6    C8        5.3330       -4.0570       -4.2690 
   6    C9        4.1730       -3.3660       -3.5260 
   6   C10        2.9810       -4.3240       -3.3900 
   8    O3        1.8880       -3.7260       -2.6820 
   8    O4        3.7850       -2.1590       -4.1940 
   8    O5        5.0820       -4.0800       -5.6890 
   6   C11        6.3040       -4.3450       -6.3940 
   6   C12        6.1650       -4.2480       -7.9310 
   6   C13        7.4590       -4.7870       -8.5940 
   6   C14        8.5970       -3.7690       -8.4450 
   6   C15        8.1640       -2.4290       -8.9880 
   6   C16        6.8580       -1.9510       -8.3580 
   8    O6        5.8260       -2.9290       -8.4130 
   8    O7        6.5530       -0.7140       -9.0410 
   6   C17        6.1150       -0.7000      -10.3400 
   8    O8        5.5490       -1.6780      -10.8150 
   6   C18        6.3620        0.6760      -11.1040 
   6   C19        7.4820        1.3300      -12.1480 
   6   C20        8.6840        1.8730      -11.4420 
   6   C21        8.3600        1.2930      -10.1220 
   6   C22        6.6060        1.6190       -9.8680 
   6   C23        5.2320        2.6070      -10.0630 
   6   C24        4.3260        3.6440       -9.2770 
   6   C25        4.7560        5.1240       -9.0620 
   6   C26        5.9990        5.6470       -9.9110 
   6   C27        6.0620        7.1220      -10.7450 
   6   C28        6.9650        8.1330      -11.9420 
   6   C29        6.1400        9.2390      -12.6410 
   6   C30        4.8080        8.9620      -12.0830 
   6   C31        4.2510        7.5500      -12.4500 
   6   C32        5.2730        6.5110      -11.8700 
   6   C33        6.6830        5.7040      -12.6190 
   6   C34        7.5010        4.9840      -11.5610 
   6   C35        6.5790        4.3320      -10.5900 
   6   C36        5.2490        3.3480      -11.3940 
   6   C37        4.3920        1.9100      -11.8640 
   6   C38        5.2110        0.7020      -12.0810 
   6   C39        4.9190        3.6920      -12.8830 
   6   C40        7.3460        3.9370       -9.1870 
   6   C41        4.0040        7.1600      -13.9060 
   6   C42        2.8300        7.4530      -11.7600 
   8    O9        2.8170        7.8900      -10.4070 
   8   O10        3.9930       10.0420      -12.1540 
   6   C43        4.2400       11.1690      -11.3040 
   6   C44        2.8230       11.5550      -10.8660 
   6   C45        2.0160       11.3120      -12.1680 
   6   C46        2.5840       12.1420      -13.3590 
   6   C47        4.1380       12.3280      -13.3710 
   8   O11        4.7980       12.2020      -12.1040 
   8   O12        1.9320       13.4090      -13.3660 
   8   O13        0.6340       11.2460      -11.8900 
   8   O14        2.6350       12.8820      -10.3270 
   6   C48        3.5260       13.2220       -9.2550 
   6   C49        3.3620       12.4310       -7.9240 
   6   C50        2.1780       12.9420       -7.0820 
   6   C51        2.1670       14.4740       -6.9820 
   6   C52        2.2360       15.0540       -8.4030 
   8   O15        3.4590       14.6370       -9.0140 
   6   C53        2.2510       16.5770       -8.4470 
   8   O16        3.3110       14.8520       -6.1820 
   8   O17        2.2560       12.3970       -5.7570 
   8   O18        4.5870       12.5560       -7.1620 
   6   C54        5.9730        8.0590       -9.4980 
   6   C55        9.7100        1.0020       -9.4600 
   6   C56       10.4060        1.8290       -8.6750 
   6   C57       10.4760       -0.2130      -10.0740 
   8   O19        8.0570       -2.5460      -10.4250 
   8   O20        9.7670       -4.1870       -9.1540 
   8   O21        7.2300       -5.1090       -9.9730 
   6   C58        4.0530       -6.9430       -4.7830 
   8   O22        3.1260       -7.9630       -4.4180 
   8   O23        0.7960       -5.7780       -1.4050 
   8   O24       -0.4090       -6.2510        0.9310 
   8   O25       -0.2930       -3.6040       -0.1170 
   1    H1        1.9970       -3.2500        3.0130 
   1    H2        3.2770       -4.2190        2.2070 
   1    H3        3.3740       -2.4260        2.2070 
   1    H4        1.6430       -2.1910        0.6720 
   1    H5        0.0680       -3.7780        1.9060 
   1    H6        1.3860       -5.7800        1.8650 
   1    H7        2.0260       -6.9830       -0.2420 
   1    H8        3.4880       -5.4020        0.6150 
   1    H9        2.5590       -6.2780       -2.6420 
   1   H10        5.0160       -7.0390       -2.8790 
   1   H11        6.2260       -3.4460       -4.0730 
   1   H12        4.5190       -3.0960       -2.5170 
   1   H13        2.6160       -4.5590       -4.4010 
   1   H14        2.0410       -3.8100       -1.7070 
   1   H15        3.5630       -1.4670       -3.5220 
   1   H16        7.0600       -3.6160       -6.0660 
   1   H17        6.5930       -5.3800       -6.1610 
   1   H18        5.3070       -4.8730       -8.2200 
   1   H19        7.7560       -5.7130       -8.0800 
   1   H20        8.8340       -3.6930       -7.3740 
   1   H21        8.9120       -1.6650       -8.7300 
   1   H22        6.9530       -1.7810       -7.2750 
   1   H23        7.8090        0.5470      -12.8480 
   1   H24        6.9980        2.1680      -12.6710 
   1   H25        9.6290        1.4900      -11.8550 
   1   H26        8.8450        2.9600      -11.4870 
   1   H27        8.0880        0.4750       -9.4390 
   1   H28        6.5940        1.8270       -8.7880 
   1   H29        4.8250        1.6820       -9.6280 
   1   H30        3.3650        3.6780       -9.8110 
   1   H31        4.3580        3.2450       -8.2520 
   1   H32        3.8930        5.7600       -9.3110 
   1   H33        5.0840        5.1770       -8.0130 
   1   H34        6.6790        6.1610       -9.2160 
   1   H35        7.8000        8.6160      -11.4140 
   1   H36        7.2810        7.4440      -12.7390 
   1   H37        6.4940       10.2440      -12.3700 
   1   H38        6.1910        9.2280      -13.7400 
   1   H39        4.8940        8.8290      -10.9940 
   1   H40        4.4700        5.7610      -11.8210 
   1   H41        6.3310        4.9750      -13.3640 
   1   H42        7.3140        6.4630      -13.1040 
   1   H43        8.1310        4.2200      -12.0400 
   1   H44        8.1420        5.7060      -11.0340 
   1   H45        3.6610        1.6820      -11.0740 
   1   H46        3.9460        2.1410      -12.8420 
   1   H47        5.6050        0.7090      -13.1080 
   1   H48        4.5860       -0.1900      -11.9270 
   1   H49        4.1580        4.4850      -12.9160 
   1   H50        5.8320        4.0380      -13.3900 
   1   H51        4.5350        2.7950      -13.3900 
   1   H52        6.7310        4.2540       -8.3310 
   1   H53        7.4980        2.8480       -9.1460 
   1   H54        8.3210        4.4450       -9.1460 
   1   H55        3.4160        6.2310      -13.9420 
   1   H56        3.4500        7.9650      -14.4120 
   1   H57        4.9680        7.0030      -14.4120 
   1   H58        2.1240        8.0740      -12.3310 
   1   H59        2.5480        6.3900      -11.7550 
   1   H60        2.8400        7.1040       -9.8060 
   1   H61        4.9220       10.9830      -10.4610 
   1   H62        2.5050       10.9640       -9.9940 
   1   H63        2.1640       10.3080      -12.5940 
   1   H64        2.3760       11.5640      -14.2720 
   1   H65        4.5620       11.5710      -14.0480 
   1   H66        4.3090       13.3660      -13.6910 
   1   H67        1.7790       13.7060      -12.4340 
   1   H68        0.4940       11.2390      -10.9100 
   1   H69        4.5210       12.9140       -9.6090 
   1   H70        3.1550       11.3790       -8.1720 
   1   H71        1.2540       12.6180       -7.5830 
   1   H72        1.2530       14.8630       -6.5090 
   1   H73        1.3340       14.6910       -8.9180 
   1   H74        2.2550       16.9730       -7.4210 
   1   H75        3.1530       16.9200       -8.9760 
   1   H76        1.3560       16.9370       -8.9760 
   1   H77        3.0820       14.7760       -5.2220 
   1   H78        2.1520       13.1250       -5.0940 
   1   H79        4.3780       12.5350       -6.1950 
   1   H80        6.0300        7.4550       -8.5810 
   1   H81        6.8070        8.7760       -9.5180 
   1   H82        5.0190        8.6060       -9.5180 
   1   H83       11.3700        1.5070       -8.2540 
   1   H84       10.0150        2.8320       -8.4490 
   1   H85       10.8730       -0.8430       -9.2650 
   1   H86        9.7870       -0.8050      -10.6950 
   1   H87       11.3070        0.1530      -10.6950 
   1   H88        7.4060       -3.2570      -10.6510 
   1   H89       10.4730       -4.4390       -8.5070 
   1   H90        6.6570       -5.9140      -10.0330 
   1   H91        3.5500       -6.2020       -5.4220 
   1   H92        4.8940       -7.3910       -5.3330 
   1   H93        3.0720       -8.0220       -3.4310 
   1   H94       -0.1270       -5.6050       -1.0900 
   1   H95       -0.7050       -6.4230        1.8600 
   1   H96       -1.1210       -3.2110        0.2570 

