Run semi-empirical minimization
 &qmmm
    qm_theory='AM1', grms_tol=0.0005,
 scfconv=1.d-10, ndiis_attempts=700,   qmcharge=0,
 /
   7    N1        6.7760        0.1520        1.8850 
   6    C1        5.4150       -0.0430        1.5300 
   6    C2        4.9040        0.4910        0.3750 
   6    C3        3.5600        0.3130        0.0010 
   6    C4        2.6810       -0.4020        0.7650 
   6    C5        1.2760       -0.6410        0.4630 
   8    O1        0.6040       -1.3430        1.3090 
   7    N2        0.6020       -0.1820       -0.6490 
   7    N3        1.2490        0.5820       -1.6200 
   6    C6       -0.7660       -0.4480       -0.8860 
   8    O2       -1.2920        0.0070       -1.9310 
   6    C7       -1.5770       -1.2250        0.0380 
   6    C8       -2.9870       -1.4500       -0.3970 
   6    C9       -3.7980       -0.2450       -0.5970 
   6   C10       -4.3380        0.4100        0.5230 
   6   C11       -5.1320        1.5150        0.3750 
   6   C12       -5.4180        2.0060       -0.8770 
   6   C13       -4.9160        1.4010       -1.9900 
   6   C14       -4.1070        0.2750       -1.8280 
   6   C15        3.2230       -0.9450        1.9500 
   6   C16        4.5350       -0.7630        2.3020 
   1    H1        7.2450        1.0860        1.8990 
   1    H2        7.3650       -0.6680        2.1500 
   1    H3        5.5740        1.0660       -0.2570 
   1    H4        3.2540        0.7630       -0.9090 
   1    H5        1.0240        1.5940       -1.5680 
   1    H6        1.2120        0.1720       -2.5630 
   1    H7       -1.0940       -2.2420        0.1320 
   1    H8       -1.5460       -0.8030        1.0850 
   1    H9       -3.5260       -2.1380        0.3160 
   1   H10       -2.9450       -2.0620       -1.3430 
   1   H11       -4.0870       -0.0110        1.5000 
   1   H12       -5.5200        1.9780        1.2810 
   1   H13       -6.0610        2.8970       -0.9280 
   1   H14       -5.1450        1.7930       -2.9690 
   1   H15       -3.7560       -0.1870       -2.7140 
   1   H16        2.5580       -1.5160        2.5770 
   1   H17        4.9550       -1.1870        3.2250 

