Run semi-empirical minimization
 &qmmm
    qm_theory='AM1', grms_tol=0.0005,
 scfconv=1.d-10, ndiis_attempts=700,   qmcharge=0,
 /
   6    C1       -4.4250        2.1890       -1.1190 
   6    C2       -3.5630        0.9300       -0.9590 
   6    C3       -3.1830        0.6810        0.4560 
   6    C4       -1.7560        0.4720        0.7560 
   6    C5       -0.9970       -0.3890       -0.2520 
   8    O1        0.3570       -0.0170       -0.0790 
   6    C6        1.4200       -0.5270       -0.7980 
   8    O2        1.1610       -1.3800       -1.6720 
   6    C7        2.8020       -0.0800       -0.5410 
   6    C8        3.0960        0.8510        0.4110 
   6    C9        4.4140        1.2530        0.6290 
   6   C10        5.4530        0.7150       -0.1170 
   7    N1        6.8040        1.1270        0.1060 
   6   C11        5.1550       -0.2170       -1.0700 
   6   C12        3.8330       -0.6140       -1.2830 
   6   C13       -1.0700       -1.8480        0.1550 
   6   C14       -2.4830       -2.3650        0.2250 
   6   C15       -0.4650       -2.0400        1.5260 
   6   C16       -1.5110       -0.1420       -1.6010 
   8    O3       -1.3400       -0.8380       -2.5770 
   6   C17       -2.3330        1.1020       -1.7980 
   1    H1       -4.5500        2.7060       -0.1580 
   1    H2       -5.4370        1.9440       -1.5020 
   1    H3       -3.9390        2.9130       -1.8100 
   1    H4       -4.1860        0.0810       -1.3190 
   1    H5       -3.5010        1.6010        1.0360 
   1    H6       -3.8290       -0.1260        0.8930 
   1    H7       -1.6610        0.0350        1.7690 
   1    H8       -1.2510        1.4730        0.7830 
   1    H9        2.3220        1.2990        1.0170 
   1   H10        4.6720        1.9870        1.3750 
   1   H11        7.2980        0.8610        0.9760 
   1   H12        7.3280        1.7030       -0.5940 
   1   H13        5.9610       -0.6520       -1.6670 
   1   H14        3.6820       -1.3600       -2.0590 
   1   H15       -0.5220       -2.4670       -0.5580 
   1   H16       -2.8830       -2.2920        1.2660 
   1   H17       -3.1530       -1.9360       -0.5310 
   1   H18       -2.4340       -3.4570        0.0240 
   1   H19       -1.1970       -1.9100        2.3290 
   1   H20       -0.1100       -3.1030        1.5810 
   1   H21        0.4370       -1.4170        1.6280 
   1   H22       -1.7950        1.9960       -1.4320 
   1   H23       -2.6240        1.2560       -2.8360 

